20221024 060756 005;11485;;;1
20221024 062020 002;11500;;;1
20221024 063016 003;11527.25;;;1
20221024 063256 006;11517.25;;;1
20221024 063332 004;11520.5;;;1
20221024 063921 001;11526.5;;;1
20221024 064506 009;11532.5;;;1
20221024 064648 001;11545;;;1
20221024 070207 008;11529;;;1
20221024 070958 007;11509;;;1
20221024 071013 004;11506.5;;;1
20221024 071308 007;11495.75;;;1
20221024 071327 009;11492.5;;;1
20221024 071341 000;11495.75;;;1
20221024 080212 001;11484.5;;;1
20221024 090340 002;11523;;;1
20221024 090414 009;11531.25;;;1
20221024 091000 000;11500;;;1
20221024 091810 009;11448.75;;;1
20221024 091815 002;11450;;;2
20221024 092033 009;11450;;;1
20221024 093237 008;11441.75;;;1
20221024 093602 007;11455;;;1
20221024 094319 009;11440.75;;;1
20221024 095155 003;11456;;;1
20221024 095458 009;11454;;;1
20221024 100138 002;11453.25;;;1
20221024 100212 005;11440;;;1
20221024 100538 003;11418;;;1
20221024 100538 003;11417;;;1
20221024 100648 002;11414.75;;;1
20221024 101726 002;11410;;;1
20221024 101726 002;11410;;;1
20221024 102111 001;11403.5;;;1
20221024 102147 006;11400;;;1
20221024 102344 000;11400.75;;;1
20221024 103824 009;11399.75;;;1
20221024 103936 002;11401;;;1
20221024 104256 008;11380;;;1
20221024 104445 000;11395;;;1
20221024 104740 002;11404.25;;;1
20221024 105236 002;11411.75;;;1
20221024 105258 002;11412.25;;;1
20221024 112240 007;11400;;;1
20221024 120700 005;11460;;;1
20221024 120726 006;11454;;;1
20221024 120756 002;11454;;;1
20221024 121601 008;11466;;;1
20221024 122805 008;11477;;;1
20221024 123211 004;11484.5;;;1
20221024 131718 002;11492;;;1
20221024 131825 002;11498;;;1
20221024 132919 007;11520;;;4
20221024 133133 002;11524;;;1
20221024 134327 001;11538.5;;;1
20221024 134439 004;11539.25;;;1
20221024 134553 000;11538.75;;;1
20221024 134814 009;11549.75;;;1
20221024 134827 002;11563;;;1
20221024 134939 008;11543;;;1
20221024 134950 008;11550.25;;;1
20221024 140234 004;11518.75;;;1
20221024 140912 006;11525;;;1
20221024 142143 000;11497;;;1
20221024 142408 006;11491.75;;;1
20221024 142551 008;11491.75;;;1
20221024 142930 001;11490;;;1
20221024 143038 006;11480;;;1
20221024 143450 007;11476.75;;;1
20221024 143450 007;11476.5;;;1
20221024 143450 007;11475;;;1
20221024 143820 006;11484;;;1
20221024 143908 006;11490.75;;;1
20221024 144118 006;11504.5;;;1
20221024 144544 003;11513.5;;;1
20221024 150310 002;11502.5;;;1
20221024 151718 002;11480;;;1
20221024 153031 005;11465;;;1
20221024 153048 001;11466.25;;;1
20221024 153130 002;11453;;;1
20221024 153209 006;11428;;;1
20221024 153359 008;11427.25;;;2
20221024 153527 003;11442.5;;;2
20221024 153538 000;11456.25;;;1
20221024 153541 003;11459.5;;;2
20221024 153541 003;11458.75;;;1
20221024 153556 004;11469.75;;;1
20221024 153605 006;11466;;;2
20221024 153605 006;11465;;;1
20221024 153605 006;11463.75;;;1
20221024 153640 007;11468.5;;;1
20221024 153714 005;11488.75;;;1
20221024 153807 000;11511.25;;;1
20221024 154002 002;11481;;;1
20221024 154056 008;11450.25;;;1
20221024 154128 000;11459.25;;;1
20221024 154131 005;11472.5;;;1
20221024 154359 002;11428;;;1
20221024 154507 001;11499.75;;;1
20221024 154507 001;11500;;;1
20221024 154510 001;11511.25;;;1
20221024 154534 002;11502.5;;;1
20221024 154549 005;11528.75;;;1
20221024 154551 007;11524.75;;;1
20221024 154640 001;11506.25;;;1
20221024 154640 001;11506;;;1
20221024 154651 007;11530;;;1
20221024 154736 007;11500;;;1
20221024 154822 004;11510;;;1
20221024 154848 001;11503.75;;;1
20221024 154848 001;11503.75;;;1
20221024 154930 000;11473.5;;;1
20221024 155011 003;11455;;;1
20221024 155232 003;11462.5;;;1
20221024 155232 003;11462.5;;;2
20221024 155232 003;11462.25;;;2
20221024 155232 003;11461.25;;;1
20221024 155232 003;11460;;;1
20221024 155232 003;11460;;;1
20221024 155232 003;11460;;;2
20221024 155448 008;11496;;;1
20221024 155556 001;11510;;;1
20221024 160020 001;11448.75;;;1
20221024 160021 000;11446;;;2
20221024 160032 002;11441;;;1
20221024 160036 009;11441;;;1
20221024 160107 005;11441.75;;;1
20221024 160158 006;11430;;;2
20221024 160158 007;11428;;;1
20221024 160219 001;11422;;;1
20221024 160305 008;11400;;;1
20221024 160327 003;11398;;;2
20221024 160327 003;11398;;;1
20221024 160527 004;11397.75;;;1
20221024 160805 000;11398;;;1
20221024 160805 007;11398;;;1
20221024 160933 006;11358;;;1
20221024 160944 006;11364;;;3
20221024 160944 006;11364;;;1
20221024 160953 004;11368;;;1
20221024 161233 001;11383.5;;;1
20221024 161605 005;11375;;;1
20221024 161659 000;11356;;;1
20221024 161917 005;11378.75;;;1
20221024 162044 009;11348;;;1
20221024 162044 009;11348;;;1
20221024 162044 009;11348;;;1
20221024 162101 002;11340;;;1
20221024 162115 006;11332;;;1
20221024 162634 007;11332;;;1
20221024 162912 005;11356.25;;;1
20221024 163005 002;11362;;;1
20221024 163221 002;11377.75;;;1
20221024 163245 001;11390;;;1
20221024 163300 008;11393;;;1
20221024 163300 008;11393;;;1
20221024 163540 001;11420.25;;;1
20221024 163648 008;11415;;;2
20221024 163649 006;11418.25;;;1
20221024 163909 007;11430;;;1
20221024 164052 006;11429.75;;;1
20221024 164201 003;11412.5;;;1
20221024 164202 009;11412.5;;;2
20221024 164218 002;11404.5;;;1
20221024 164350 006;11399.25;;;2
20221024 164405 005;11400;;;2
20221024 164603 003;11395.75;;;1
20221024 164802 002;11414.5;;;1
20221024 164815 008;11420;;;1
20221024 164816 004;11416;;;1
20221024 164905 000;11410;;;1
20221024 165114 007;11433.25;;;1
20221024 165118 006;11433.25;;;1
20221024 165127 008;11430.75;;;1
20221024 165132 005;11446.75;;;1
20221024 165403 007;11431;;;1
20221024 165518 001;11445.75;;;2
20221024 165907 001;11450;;;1
20221024 165919 005;11458;;;1
20221024 165927 006;11471.25;;;1
20221024 165927 006;11471.5;;;1
20221024 165927 006;11473.75;;;1
20221024 165934 000;11470.25;;;1
20221024 170038 004;11456.5;;;1
20221024 170234 008;11469.75;;;1
20221024 170325 007;11469;;;1
20221024 170409 008;11470;;;1
20221024 170550 001;11461.75;;;1
20221024 170706 005;11457;;;1
20221024 170706 005;11456.75;;;1
20221024 170742 004;11443;;;1
20221024 170742 004;11442.5;;;1
20221024 170830 001;11453.5;;;1
20221024 171019 000;11443;;;1
20221024 171145 009;11465;;;1
20221024 171147 002;11468;;;1
20221024 171406 002;11465.5;;;1
20221024 171542 004;11485.25;;;1
20221024 171711 006;11455;;;1
20221024 171711 006;11454.75;;;1
20221024 171731 000;11447;;;1
20221024 172016 006;11465;;;1
20221024 172355 005;11475.75;;;1
20221024 172436 002;11486.75;;;1
20221024 172558 003;11480;;;1
20221024 172803 004;11486;;;1
20221024 173050 005;11490.75;;;1
20221024 173235 000;11478;;;1
20221024 173653 008;11506;;;1
20221024 173653 008;11506.25;;;1
20221024 173653 008;11506.75;;;1
20221024 173747 004;11501.5;;;1
20221024 173747 004;11501.25;;;1
20221024 173837 006;11489;;;1
20221024 175101 003;11486;;;1
20221024 175134 000;11498.75;;;1
20221024 175134 000;11498.75;;;1
20221024 175136 007;11499;;;1
20221024 175147 008;11502.25;;;1
20221024 175232 005;11517.25;;;1
20221024 175259 001;11520.5;;;1
20221024 175259 001;11520.75;;;1
20221024 175312 005;11525;;;1
20221024 175319 003;11528;;;1
20221024 175418 001;11513.25;;;1
20221024 175536 006;11530.75;;;1
20221024 175548 002;11527;;;1
20221024 175548 002;11527.25;;;1
20221024 175548 002;11529;;;2
20221024 175548 002;11530;;;1
20221024 175548 002;11530;;;1
20221024 175548 002;11530.5;;;2
20221024 175548 002;11530.5;;;8
20221024 175548 002;11531.25;;;1
20221024 175548 002;11531.75;;;13
20221024 175627 006;11532;;;1
20221024 175645 003;11526.5;;;1
20221024 175645 003;11526.25;;;1
20221024 175645 004;11522.5;;;1
20221024 175802 005;11532.5;;;1
20221024 175850 009;11529;;;1
20221024 175850 009;11527.5;;;1
20221024 180002 001;11531.25;;;1
20221024 180002 002;11529.25;;;1
20221024 180344 007;11526;;;1
20221024 180441 007;11511;;;1
20221024 181320 009;11535;;;1
20221024 181714 008;11534.5;;;1
20221024 182000 006;11558;;;1
20221024 182216 008;11558;;;1
20221024 182316 002;11556.5;;;1
20221024 182426 000;11570;;;1
20221024 182529 008;11564;;;1
20221024 182711 002;11550;;;2
20221024 183909 001;11541.5;;;1
20221024 184036 008;11535;;;2
20221024 184115 003;11531;;;1
20221024 184115 003;11530.75;;;1
20221024 184115 003;11530;;;1
20221024 184115 003;11529.5;;;2
20221024 184115 003;11529.25;;;10
20221024 184115 003;11528.75;;;1
20221024 184115 003;11528;;;1
20221024 184115 003;11527.5;;;1
20221024 184115 003;11527.25;;;10
20221024 184115 003;11527.25;;;2
20221024 184134 009;11524.5;;;1
20221024 184206 003;11524.75;;;1
20221024 184939 003;11550.5;;;1
20221024 185336 008;11561;;;1
20221024 185455 007;11565.25;;;1
20221024 185530 000;11560.25;;;1
20221024 185755 006;11553;;;1
20221024 190123 001;11531.25;;;1
20221024 191341 009;11526.25;;;1
20221024 192905 003;11509.25;;;1
20221024 193553 000;11498;;;1
20221024 195355 004;11528.75;;;1
20221024 200257 005;11528.25;;;1
20221024 200500 002;11535;;;1
20221024 201838 002;11546;;;1
20221024 203919 002;11561;;;1
20221024 203921 000;11562;;;1
20221024 204343 007;11582;;;1
20221024 204343 007;11584;;;1
20221024 204343 007;11584.25;;;1
20221024 204537 007;11577;;;6
20221024 204537 007;11577;;;3
20221024 204537 007;11577;;;1
20221024 205745 002;11596.5;;;1
20221024 205745 002;11597.5;;;1
20221024 205745 002;11598.75;;;1
20221024 205745 002;11599.25;;;2
20221024 205745 002;11600;;;1
20221024 205745 002;11600;;;1
20221024 205745 002;11600.5;;;23
20221024 210503 006;11620;;;4
20221024 211010 003;11610.5;;;1
20221024 211235 006;11615.5;;;1
20221024 211441 008;11615.5;;;1
20221024 211623 000;11627;;;1
20221024 211643 007;11628;;;1
20221024 211643 007;11630;;;1
20221024 211651 008;11634.75;;;1
20221024 212114 002;11625.5;;;1
20221024 212132 009;11621.5;;;1
20221024 212920 000;11620;;;1
20221024 213454 005;11613;;;1
20221024 213728 005;11613;;;1
20221024 214805 004;11602.75;;;1
20221024 215035 000;11603;;;1
20221024 215741 005;11587.75;;;1
20221024 223349 008;11585.25;;;1
20221024 225354 006;11579.5;;;1
20221025 003341 006;11587.5;;;1
20221025 003341 006;11587.5;;;2
20221025 003636 001;11590;;;1
20221025 010659 004;11599.5;;;1
20221025 011729 005;11603.25;;;2
20221025 012831 003;11600.5;;;1
20221025 020425 005;11577;;;1
20221025 022638 000;11598.75;;;1
20221025 022731 000;11610;;;1
20221025 023120 002;11620.25;;;1
20221025 023123 006;11622.25;;;1
20221025 023151 001;11619;;;1
20221025 024518 006;11613.25;;;1
20221025 031738 008;11559.5;;;1
20221025 031738 008;11559.5;;;1
20221025 031738 008;11559.25;;;1
20221025 031738 008;11558.75;;;1
20221025 031738 008;11557;;;2
20221025 031738 008;11556.25;;;1
20221025 031738 008;11555;;;1
20221025 031738 008;11554.5;;;10
20221025 031738 008;11554;;;1
20221025 031738 008;11553.75;;;1
20221025 031738 008;11553.25;;;10
20221025 031837 002;11569.5;;;1
20221025 031954 004;11564;;;1
20221025 032026 009;11570;;;1
20221025 032120 004;11571.5;;;1
20221025 032731 008;11571.5;;;2
20221025 033743 004;11555.25;;;2
20221025 034204 007;11569.75;;;1
20221025 035343 008;11575;;;1
20221025 042334 006;11562.25;;;1
20221025 042346 007;11562.25;;;1
20221025 042438 002;11566;;;1
20221025 043316 007;11566;;;2
20221025 051957 007;11594.5;;;1
20221025 052441 009;11601.75;;;1
20221025 052441 009;11601.75;;;5
20221025 052441 009;11603.25;;;10
20221025 052441 009;11603.25;;;1
20221025 052441 009;11603.75;;;1
20221025 052441 009;11605;;;1
20221025 052441 009;11605.5;;;11
20221025 052929 004;11608;;;1
20221025 053022 005;11610.5;;;1
20221025 053206 000;11610.25;;;2
